[RUAS]
x	y	t	r
260	0	1	1
780	0	1	1
1170	0	1	1
---
260	130	1	1
780	130	1	1
1170	130	1	1
---
0	260	1	0
130	260	1	0
260	260	3	0
390	260	1	0
520	260	1	0
650	260	1	0
780	260	3	0
910	260	1	0
1040	260	1	0
1170	260	3	0
---
260	390	1	1
780	390	1	1
1170	390	1	1
---
260	520	1	1
780	520	1	1
1170	520	1	1
---
260	650	1	1
780	650	1	1
1170	650	1	1
---
0	780	1	0
130	780	1	0
260	780	3	0
390	780	1	0
520	780	1	0
650	780	1	0
780	780	2	1
1170	780	1	1
---
260	910	1	1
780	910	1	1
1170	910	1	1
---
260	1040	1	1
780	1040	1	1
1170	1040	1	1
---
260	1170	1	1
780	1170	1	1
1170	1170	1	1





