[RUAS]
x	y	t	r
260	0	1	1
780	0	1	1
1170	0	1	1
---
260	130	1	1
780	130	1	1
1170	130	1	1
---
0	260	1	0
130	260	1	0
260	260	3	0
390	260	1	0
520	260	1	0
650	260	1	0
780	260	3	0
910	260	1	0
1040	260	1	0
1170	260	3	0
---
260	390	1	1
780	390	1	1
1170	390	1	1
---
260	520	1	1
780	520	1	1
1170	520	1	1
---
260	650	1	1
780	650	1	1
1170	650	1	1
---
0	780	1	0
130	780	1	0
260	780	3	0
390	780	1	0
520	780	1	0
650	780	1	0
780	780	2	1
1170	780	1	1
---
260	910	1	1
780	910	1	1
1170	910	1	1
---
260	1040	1	1
780	1040	1	1
1170	1040	1	1
---
260	1170	1	1
780	1170	1	1
1170	1170	1	1

[CASAS]
0	0	1
910	0	1
---
0	390	2
0	910	1


[ARVORES]
650	390	1
---
650	650	1
---
0	1170	2

[OUTROS]
390	0	prédio	0
---
390	390	campo	1
---
910	520	prédio	0
---
910	780	prédio	0
---
390	910	solar	0

 



